  5.8279168e+000  2.1479867e+000
  4.2349626e+000 -7.4871651e-001
  5.1551175e+000  2.2258450e+000
  3.3395148e+000 -1.2500453e+000
  4.3290660e+000  6.5728272e-001
  2.2594987e+000 -2.4937235e+000
  5.7980687e+000  2.7078362e+000
  7.6036501e+000  4.9035029e+000
  5.2982312e+000  1.4737737e+000
  6.4052650e+000  3.4206829e+000
  2.0906940e+000 -3.4569020e+000
  3.7981837e+000 -8.3067591e-001
  7.8332865e+000  6.4861697e+000
  6.8084575e+000  4.2405582e+000
  4.6109513e+000  3.0776817e-001
  5.6782871e+000  2.4968171e+000
  7.9421065e+000  5.3489878e+000
  5.9182593e-001 -5.7868999e+000
  6.0286909e+000  2.9124855e+000
  5.0268804e-001 -4.7692352e+000
  4.1537486e+000  2.9494512e-001
  3.0499868e+000 -1.0967861e+000
  8.7436717e+000  6.5315979e+000
  1.5009499e-001 -6.0051601e+000
  7.6795039e+000  5.3880359e+000
  9.7084494e+000  7.9560981e+000
  9.9008259e+000  8.1915204e+000
  7.8886169e+000  6.2985341e+000
  4.3865853e+000  5.8550045e-001
  4.9831130e+000  1.1520966e+000
  2.1396333e+000 -2.3876856e+000
  6.4349229e+000  3.7681973e+000
  3.2003558e+000 -1.6943462e+000
  9.6009860e+000  9.0712719e+000
  7.2663177e+000  5.0442275e+000
  4.1195321e+000  9.1875665e-001
  7.4456578e+000  5.7375008e+000
  2.6794725e+000 -2.3228605e+000
  4.3992431e+000 -4.7103379e-002
  9.3338011e+000  7.9642385e+000
  6.8333232e+000  4.0846854e+000
  2.1255986e+000 -3.2334159e+000
  8.3923824e+000  6.8374584e+000
  6.2878460e+000  4.1760142e+000
  1.3377275e+000 -4.2666467e+000
  2.0713273e+000 -3.3163881e+000
  6.0719894e+000  2.9848159e+000
  6.2988785e+000  3.7798298e+000
  3.7047683e+000 -8.6994630e-001
  5.7514778e+000  2.0265593e+000
  4.5142483e+000  7.1143769e-001
  4.3895325e-001 -5.3742171e+000
  2.7185123e-001 -5.3495754e+000
  3.1268505e+000 -1.6074697e+000
  1.2862575e-001 -5.8818953e+000
  3.8396729e+000 -4.5786664e-001
  6.8311597e+000  4.2070744e+000
  9.2842462e-001 -3.8397869e+000
  3.5338324e-001 -5.7731666e+000
  6.1239548e+000  2.5122509e+000
  6.0854036e+000  3.3627970e+000
  1.5759818e-001 -6.2153862e+000
  1.6354934e-001 -5.7367362e+000
  1.9007459e+000 -3.4626468e+000
  5.8691847e+000  3.0714761e+000
  5.7581090e-001 -4.8598419e+000
  3.6756804e+000 -5.8832466e-001
  6.3145116e+000  2.4446051e+000
  7.1763442e+000  4.8307967e+000
  6.9266939e+000  5.1865113e+000
  8.4079061e-001 -4.2296082e+000
  4.5435515e+000  2.5125997e-002
  4.4182830e+000  5.8809349e-001
  3.5325046e+000 -1.0420716e+000
  1.5360636e+000 -4.2081811e+000
  6.7564465e+000  3.5174930e+000
  6.9921333e+000  4.6326034e+000
  7.2750913e+000  4.6979854e+000
  4.7838438e+000  1.2036663e+000
  5.5484199e+000  2.1386930e+000
  1.2104711e+000 -4.4167800e+000
  4.5075394e+000  9.4678941e-001
  7.1588295e+000  5.1023857e+000
  8.9284161e+000  8.4487042e+000
  2.7310247e+000 -2.5821118e+000
  2.5476930e+000 -2.6897656e+000
  8.6560348e+000  7.5029693e+000
  2.3235037e+000 -2.7096442e+000
  8.0487174e+000  5.3824433e+000
  9.0839754e+000  7.7837345e+000
  2.3189432e+000 -1.7449639e+000
  2.3931256e+000 -2.0563646e+000
  4.9754484e-001 -4.2749904e+000
  7.8384075e-001 -4.5719677e+000
  6.4081541e+000  4.5444957e+000
  1.9088657e+000 -3.3066073e+000
  8.4386950e+000  6.0881528e+000
  1.7390025e+000 -3.4970580e+000
  1.7079281e+000 -2.8429853e+000
  9.9429549e+000  8.3563280e+000
